CT1
CT2
CT3
SL1
SL2
SL4
SL5
1
4
5
7
8
9
10
11
14
15
16
17
18
19
21
22
23
24
26
27
28
29
30
31
32
33
34
34E
35
36
37
38
39
40
41
42
43
44
45
47
50
51
52
55
57
59
60
62
64
65
66
67
68
69
70
70A
71
72
73
74
75
76
77
78
79
80
83
84
85
86
87
88
89
90
91
92
93
94
95
96
97
99
100
101
104
105
106
108
109
110
111
112
114
116
117
119
120
121
131
132
134
136
137
170
171
201
202
210
211
212
214
215
216
217
220
221
222
225
230
236
238
240
245
325
326
350
351
352
354
411
424
424W
426
426W
428
429
430
431
434
435
436
439
441
442
448
449
450
451
455
456
459
465
501
502
503
504
505
553
554
556
558
710
712
713
714
716
